621050
621051
621052
626162
643932
648037
648532
662060
679645
682934
683121
683122
692446
695471
708621
728413
728414
728415
728416
728417
728418
728419
728419
742588
759837
759839
759840
759841
788783
796581
797925
803116
832288
832771
832772
832773
844292
844293
844294
844295
844296
844297
844298
847617
847884
847906
847907
847908
850947
850948
850949
850950
850951
850952
850954
857891
857892
857893
857894
857896
857898
857900
858346
864512
866846
866847
866848
866849
866850
866851
866857
866858
866859
866860
866861
866862
866863
866864
869693
874073
874517
874518
874519
874521
874523
874525
874527
881743
881744
881745
881746
881747
881748
881749
882023
882024
882025
882026
882027
882181
885308
885309
885310
885311
886927
892838
892839
892840
892841
892842
892843
892849
892894
892895
892897
892900
892902
892908
892910
920172
920173
920174
920175
920176
920177
920178
920179
920180
920181
920182
920183
920184
920185
921717
921718
921719
921720
921721
925630
936971
936972
936973
936974
936979
936980
936981
936983
936984
936985
936986
936987
936988
936989
939028
940049
943626
943627
943628
943629
944037
944039
944521
944522
944523
944525
944527
944529
944531
950627
950629
950630
950632
950633
950634
950635
953287
953501
953941
953942
953943
953944
953945
953946
953947
965533
965534
965535
965536
965537
966490
966491
966492
966493
966494
966495
966496
966497
966503
966504
966505
966506
966507
966508
967654
973288
973289
973290
973291
973292
974284
974471
974472
974473
974474
974475
974476
974477
982037
982038
982039
982040
982041
982042
982043
982052
982053
982472
982473
982474
982475
982818
982819
1075449
1075451
1075452
1075453
1075454
1075455
1075456
1075457
1075458
1075459
1075460
1075461
1075462
1075463
